#DOUBLE CHECK ALL VALUES OR ELSE MEASUREMENTS WOULD BE WRONG
#height
2
1 3453 1
1 1011 1
1 809 1
1 250 1
#Waist
1 6569 1
1 3160 1
1 3152 1
1 3153 1
1 3155 1
1 3150 1
1 3151 1 
1 3156 1
1 3157 1
1 3154 1
1 1795 1
1 1793 1
1 1790 1
1 1792 1
1 3100 1
1 2912 1
1 2909 1
1 3123 1
1 3097 1
1 1785 1 
1 1783 1
1 5248 1 
1 6521 1
1 6543 1  
1 6368 1
1 6369 1
1 6524 1
1 5254 1
1 5253 1
1 5257 1   
1 5259 1 
1 6570 1  
1 6572 1 
1 6573 1
1 6566 1
1 6567 1
1 6571 1
1 6568 1
1 6569 1
#Belly
1 3509 1
1 1334 1 
1 1333 1
1 2823 1
1 3476 1
1 1482 1
1 1481 1
1 2832 1
1 1324 1
1 1323 1
1 1492 1
1 1491 1
1 1189 1
1 1188 1
1 2835 1
1 2834 1
1 1250 1
1 1249 1
1 2837 1 
1 3024 1
1 6299 1 
1 4734 1
1 4733 1
1 6297 1
1 6296 1
1 4675 1
1 4674 1
1 4964 1
1 4963 1
1 4804 1
1 4803 1
1 6293 1
1 4954 1
1 4953 1
1 6874 1
1 6284 1
1 4811 1
1 4810 1
1 3509 1
#chest
1 6322 1
1 6323 1  
1 6320 1
1 6321 1
1 6879 1
1 6319 1
1 6318 1
1 6317 1
1 6315 1 
1 6316 1 
1 6503 1 
1 3498 1
1 3075 1 
1 2853 1  
1 2854 1 
1 2856 1 
1 2857 1 
1 2858 1 
1 3483 1   
1 2860 1 
1 2869 1 
1 2862 1
1 2861 1
1 2863 1
1 2864 1
1 2865 1 
1 2952 1 
1 2953 1
1 2954 1
1 2955 1
1 2956 1
1 2957 1
1 2958 1
1 2960 1
1 1434 1
1 1836 1
1 1834 1
1 1238 1
1 749 1
1 752 1 
1 3015 1
1 4238 1 
1 4237 1
1 4718 1
1 5295 1 
1 4908 1 
1 4910 1
1 6416 1
1 6415 1
1 6414 1
1 6413 1
1 6412 1
1 6411 1
1 6327 1
1 6325 1
1 6324 1
1 6322 1
#wrist
17
1 5668 1
1 5669 1
1 5702 1
1 5696 1
1 5691 1
1 5573 1
1 5570 1
1 5572 1
1 5564 1
1 5563 1
1 5565 1
1 5566 1
1 5609 1
1 5608 1
1 5568 1
1 5567 1
1 5668 1
#neck
1 424 1
1 3164 1
1 3919 1
1 3769 1
1 3725 1
1 3722 1
1 3720 1 
1 3721 1
1 3809 1
1 3664 1
1 3665 1
1 3727 1
1 3726 1
1 3942 1
1 3057 1
1 451 1
1 214 1
1 217 1
1 151 1
1 297 1
1 207 1
1 208 1
1 210 1
1 211 1
1 256 1
1 424 1
#Arm length
1 1861 1
1 3010 1
1 636 1
1 635 1
1 1860 1
1 1400 1
1 1399 1
1 1407 1
1 1406 1
1 1311 1 
1 1310 1
1 1679 1
1 1639 1
1 1640 1
1 1653 1
1 1654 1
1 1613 1
1 1614 1
1 1915 1
1 1742 1
1 1691 1
1 1692 1
1 1557 1
1 1556 1
1 1951 1
1 1950 1
1 1925 1
1 1926 1
1 2109 1 
1 2019 1
1 2018 1
#Thigh
1 910 1 
1 1365 1
1 907 1
1 906 1
1 957 1
1 904 1
1 905 1
1 903 1 
1 901 1
1 962 1
1 898 1
1 899 1
1 934 1
1 935 1
1 1453 1
1 964 1
1 909 1 
1 910 1
#Shoulder Width
1 1891 1
1 1822 1
1 1821 1
1 1849 1
1 781 1
1 782 1
1 1810 1
1 811 1
1 1818 1
1 743 1
1 1809 1
1 2972 1
1 2973 1
1 1302 1 
1 1301 1
1 1306 1 
1 4783 1
1 4786 1 
1 6432 1
1 643 1
1 4231 1
1 4232 1
1 5272 1
1 4271 1
1 4269 1
1 5310 1
1 5282 1 
1 5285 1
1 5342 1
#Hips
1 3116 1 
1 3117 1 
1 3118 1
1 3119 1
1 6541 1
1 6539 1
1 6540 1 
1 6559 1
1 6558 1
1 6557 1
1 6509 1
1 4919 1
1 4920 1
1 4927 1
1 4418 1
1 4984 1
1 4985 1
1 4400 1
1 4398 1
1 4691 1
1 4348 1
1 4349 1
1 3510 1
1 865 1
1 862 1
1 1206 1
1 912 1
1 1512 1
1 1513 1
1 3128 1
1 1454 1
1 1446 1
1 1447 1
1 3084 1
1 3136 1
1 3137 1
1 3138 1
1 3116 1
#Ankle
1 6722 1
1 6723 1
1 6720 1
1 6593 1
1 6575 1
1 6576 1
1 6597 1
1 6595 1
1 6594 1
1 6581 1
1 6582 1
1 6605 1
1 6585 1
1 6586 1
1 6590 1
1 6722 1
